9655535365
7555585544
8555433666
7555585213
9955513530
8555942127
7555257086
7555050254
8555392063
7555533339
8555981680
8555357942
8555062733
8555707423
8555837808
8555817216
7555106094
8555202461
8555755945
8555996446
8555246324
7555470156
7555276138
9655506434
7555781439
7555749692
8555103537
7555601361
8555022981
8555794130
8555077809
9855579059
8555393340
8555258619
7555270775
8555176189
9055528720
9655521431
9455593223
9055591475
8555978323
9555514720
7555504833
7555216123
7555398910
8555883472
8555038584
7555019855
7555711624
8555430918
9655597599
8555253999
9855560431
8555312428
9055534362
9555504820
7555494387
9255524951
7555370528
8555147022
8555349006
7555950523
7555732456
7555552440
9055556976
7555132616
7555339120
7555122323
9755563844
7555438737
